440523
440515
440512
440513
440514
440507
440511
440607
440608
440606
440604
440605
440402
440403
440404
440499
440784
440704
440783
440781
440785
440705
440703
440883
440881
440882
440825
440803
440811
440804
440802
440823
441324
441322
441323
441303
441302
441224
441225
441223
441284
441226
441203
441202
441204
441523
441581
441521
441502
440983
440982
440981
440904
440902
440306
440305
440304
440308
440303
440309
440307
440310
441781
441702
441721
441704
445122
445102
445103
440224
440282
440205
440204
440222
440232
440203
440229
440233
440281
441426
441427
441481
441424
441403
441423
441422
441402
441622
441624
441623
441625
441602
441621
441826
441882
441825
441881
441821
441823
441803
441802
445381
445322
445321
445303
445302
445222
445281
445224
445203
445202
440117
440118
440115
440114
440112
440111
440106
440105
440103
440104
440113
410922
410923
410927
410902
410926
410928
410323
410322
410325
410324
410326
410305
410329
410306
410327
410328
410381
410304
410311
410302
410303
411202
411281
411221
411224
411203
411282
410185
410181
410182
410106
410184
410108
410105
410102
410103
410183
410104
410122
411003
411025
411002
411082
411081
411024
411323
411326
411321
411303
411328
411330
411327
411322
411324
411325
411329
411381
411302
411103
411122
411104
411121
411102
419001
419001
419001
419001
419001
419001
419001
419001
419001
419001
419001
419001
419001
419001
419001
419001
419001
410425
410421
410404
410403
410411
410423
410481
410422
410402
410482
411526
411527
411522
411521
411524
411502
411525
411523
411528
411503
410804
410802
410882
410825
410883
410811
410822
410823
410821
410803
410505
410527
410506
410523
410526
410502
410503
410522
410581
411722
411721
411727
411723
411729
411726
411728
411702
411725
411724
411421
411423
411422
411403
411481
411426
411424
411402
411425
410702
410704
410782
410724
410781
410726
410727
410725
410728
410721
410703
410711
410611
410602
410621
410622
410603
411627
411628
411622
411625
411624
411681
411621
411626
411602
411623
410225
410212
410204
410203
410205
410221
410202
410223
410222
150304
150302
150303
150824
150821
150802
150822
150826
150825
150823
150784
150702
150725
150721
150724
150785
150782
150783
150722
150781
150726
150703
150727
150723
150622
150624
150625
150621
150626
150623
150603
150602
150627
150221
150223
150206
150202
150207
150222
150203
150205
150204
150123
150104
150124
150103
150122
150125
150121
150102
150105
150581
150526
150521
150502
150525
150523
150524
150522
150421
150424
150422
150423
150425
150426
150404
150429
150402
150403
150428
150430
152923
152922
152921
152202
152223
152224
152222
152201
152221
152525
152522
152526
152502
152523
152524
152501
152528
152530
152529
152531
152527
150929
150928
150923
150927
150922
150924
150921
150925
150981
150902
150926
232723
232721
232722
232701
230921
230904
230902
230903
230604
230605
230622
230606
230623
230624
230621
230603
230602
230421
230422
230403
230402
230406
230407
230404
230405
230714
230722
230704
230715
230710
230712
230707
230716
230706
230708
230711
230702
230709
230781
230705
230713
230703
231226
231283
231224
231202
231223
231221
231281
231225
231282
231222
230883
230881
230826
230822
230828
230882
230805
230803
230804
230811
230281
230229
230225
230230
230227
230223
230208
230221
230207
230202
230206
230204
230205
230203
230224
230231
230381
230306
230304
230307
230302
230303
230305
230382
230321
230524
230505
230522
230502
230521
230503
230506
230523
230126
230123
230128
230111
230127
230124
230129
230125
230113
230108
230183
230110
230102
230109
230184
230103
230104
230112
231123
231124
231121
231102
231182
231181
231002
231004
231081
231086
231084
231085
231003
231025
231005
231083
659005
659005
659005
659005
659005
659007
659007
659007
659007
659007
659007
659006
659006
659006
652723
652702
652701
652722
653227
653226
653201
653224
653223
653221
653222
653225
654201
654224
654226
654225
654221
654202
654223
659009
659009
659009
659009
659009
659009
659009
659009
659009
659009
659009
659009
659008
659008
659008
659008
659008
659008
659008
659001
659001
659001
659001
659001
659001
659001
659001
659001
654324
654326
654321
654322
654325
654301
654323
650205
650203
650204
650202
652325
652328
652324
652323
652302
652301
652327
659004
659004
659004
659004
659004
659004
659004
652828
652827
652823
652824
652829
652826
652825
652801
652822
659002
659002
659002
659002
659002
659002
659002
659002
659002
659002
659002
659002
659002
659002
659002
659002
659002
659002
659002
659002
659003
659003
659003
659003
659003
659003
659003
659003
659003
659003
659003
653122
653129
653127
653126
653131
653128
653124
653125
653130
653123
653121
653101
654003
654028
654024
654021
654027
654025
654026
654022
654002
654023
654004
650121
650107
650102
650103
650106
650104
650109
650105
652924
652922
652926
652925
652923
652901
652929
652928
652927
653001
653024
653023
653022
650522
650521
650502
650402
650421
650422
420304
420381
420303
420302
420324
420325
420323
420322
420526
420525
420506
420582
420527
420502
420528
420504
420505
420583
420503
420581
420529
420922
420921
420982
420923
420981
420902
420984
420116
420117
420112
420102
420114
420113
420105
420104
420103
420115
420107
420111
420106
422822
422802
422801
422828
422827
422823
422825
422826
429006
429006
429006
429006
429006
429006
429006
429006
429006
429006
429006
429006
429006
429006
429006
429006
429006
429006
429006
429006
429006
429006
429006
429006
429006
429006
429006
429006
429006
421122
421124
421123
421121
421125
421181
421126
421102
421127
421182
429005
429005
429005
429005
429005
429005
429005
429005
429005
429005
429005
429005
429005
429005
429005
429005
429005
429005
429005
429005
429005
429005
429005
429005
429005
429005
420682
420625
420683
420624
420684
420607
420626
420606
420602
420821
420802
420881
420804
420822
429004
429004
429004
429004
429004
429004
429004
429004
429004
429004
429004
429004
429004
429004
429004
429004
429004
429004
429004
429004
429004
429004
429004
429004
429004
429004
429021
429021
429021
429021
429021
429021
429021
429021
429021
421381
421303
421321
421003
421024
421023
421081
421083
421002
421087
421022
421221
421223
421224
421202
421281
421222
420205
420203
420204
420222
420281
420202
420703
420702
420704
210281
210214
210213
210224
210202
210211
210283
210212
210203
210204
211422
211481
211403
211421
211404
211402
210726
210781
210727
210711
210782
210703
210702
210604
210682
210681
210603
210602
210624
210423
210422
210403
210404
210402
210421
210411
210181
210113
210112
210115
210114
210105
210102
210106
210111
210123
210124
210104
210103
210321
210323
210381
210302
210304
210303
210311
211281
211282
211204
211202
211223
211221
211224
211021
211002
211005
211003
211004
211011
211081
211103
211104
211122
211102
210804
210882
210803
210881
210802
210811
211322
211381
211321
211302
211303
211382
211324
210902
210911
210904
210905
210921
210903
210922
210503
210522
210505
210502
210504
210521
371002
371082
371003
371083
370681
370634
370611
370602
370685
370686
370683
370687
370612
370613
370682
370684
371603
371602
371626
371625
371623
371622
371621
371328
371323
371326
371302
371321
371325
371322
371324
371327
371311
371329
371312
371202
371203
370322
370303
370321
370305
370306
370302
370323
370304
370285
370283
370215
370212
370214
370213
370211
370202
370281
370203
371581
371523
371525
371502
371524
371526
371522
371521
371422
371403
371481
371423
371402
371424
371428
371482
371426
371427
371425
371121
371103
371122
371102
371702
371726
371703
371728
371721
371723
371722
371724
371725
370781
370705
370702
370725
370704
370724
370785
370784
370782
370783
370703
370786
370126
370125
370114
370113
370103
370105
370104
370124
370112
370102
370911
370923
370982
370902
370983
370921
370522
370523
370502
370505
370503
370832
370881
370812
370883
370830
370831
370827
370828
370811
370829
370826
370402
370403
370406
370404
370405
370481
611026
611021
611002
611022
611023
611024
611025
610117
610115
610114
610116
610118
610122
610112
610103
610104
610113
610124
610102
610111
610729
610702
610723
610722
610730
610725
610727
610703
610724
610728
610726
610923
610922
610928
610902
610921
610924
610929
610926
610927
610925
610881
610802
610822
610831
610803
610828
610824
610830
610826
610829
610827
610825
610204
610222
610203
610202
610429
610428
610427
610426
610430
610424
610425
610422
610402
610404
610481
610431
610403
610423
610327
610329
610328
610302
610303
610323
610330
610326
610324
610331
610304
610322
610626
610623
610621
610602
610603
610630
610622
610625
610627
610629
610628
610632
610631
610581
610527
610528
610523
610502
610503
610582
610522
610524
610525
610526
310151
310120
310115
310116
310113
310101
310114
310104
310107
310112
310110
310118
310117
310105
310109
310106
520625
520622
520623
520602
520624
520626
520627
520621
520603
520628
520201
520203
520281
520221
522624
522628
522629
522627
522633
522634
522631
522632
522623
522625
522601
522636
522635
522622
522630
522626
520322
520328
520323
520329
520302
520303
520327
520326
520382
520304
520381
520330
520324
520325
522701
522731
522727
522726
522728
522722
522729
522730
522723
522732
522702
522725
522322
522301
522328
522327
522324
522323
522325
522326
520402
520422
520425
520423
520424
520403
520502
520521
520522
520523
520525
520524
520527
520526
520121
520113
520112
520115
520122
520123
520181
520111
520102
520103
500151
500152
500117
500120
500111
500115
500153
500118
500104
500156
500105
500103
500101
500102
500107
500112
500119
500110
500155
500154
500114
500116
500108
500113
500106
500109
500229
500238
500236
500230
500243
500231
500241
500235
500237
500242
500233
500240
540321
540302
540324
540323
540330
540329
540326
540322
540325
540328
540327
540122
540127
540121
540103
540102
540123
540104
540124
540623
540628
540624
540627
540622
540625
540626
540602
540621
540629
540630
540232
540226
540227
540221
540236
540202
540225
540234
540229
540224
540228
540223
540222
540235
540230
540237
540231
540233
540523
540528
540502
540522
540521
540531
540529
540524
540525
540526
540527
540530
540424
540421
540402
540423
540422
540425
540426
542522
542526
542527
542521
542523
542524
542525
341222
341221
341204
341203
341202
341225
341226
341282
340602
340603
340621
340604
340722
340711
340705
340706
340311
340323
340302
340322
340321
340304
340303
340506
340521
340503
340504
340523
340522
341723
341721
341702
341722
341621
341602
341622
341623
341182
341181
341124
341126
341125
341122
341103
341102
340824
340828
340881
340825
340802
340811
340826
340827
340803
340822
341003
341023
341022
341002
341024
341004
341021
341822
341823
341825
341824
341802
341821
341881
340222
340225
340203
340202
340223
340207
340208
340221
341525
341503
341524
341523
341502
341504
341522
340405
340406
340404
340421
340402
340403
340422
340103
340122
340124
340102
340121
340123
340104
340111
340181
341321
341302
341324
341323
341322
350924
350925
350926
350981
350921
350923
350902
350922
350982
350123
350122
350124
350121
350112
350104
350125
350128
350181
350103
350102
350105
350111
350802
350881
350821
350825
350824
350823
350803
350302
350322
350305
350304
350303
350526
350525
350583
350504
350524
350505
350503
350521
350582
350581
350527
350502
350424
350429
350425
350402
350481
350403
350423
350427
350430
350426
350428
350421
350212
350205
350211
350206
350203
350213
350629
350627
350625
350622
350628
350624
350623
350681
350626
350603
350602
350782
350722
350724
350723
350703
350781
350783
350725
350721
350702
430623
430602
430611
430603
430681
430624
430621
430682
430626
430423
430424
430412
430421
430406
430405
430407
430426
430422
430481
430408
430482
431381
431322
431321
431302
431382
430304
430321
430302
430382
430381
430981
430921
430902
430922
430903
430923
430102
430105
430104
430121
430103
430181
430111
430182
430112
430724
430726
430781
430723
430703
430702
430722
430725
430721
431228
431281
431230
431222
431224
431223
431229
431226
431225
431227
431202
431221
430524
430521
430503
430523
430511
430527
430502
430528
430529
430522
430581
430525
430811
430821
430822
430802
433127
433124
433125
433101
433126
433122
433130
433123
430202
430224
430223
430225
430211
430203
430221
430204
430281
431103
431122
431121
431128
431102
431126
431124
431127
431129
431125
431123
431028
431023
431003
431081
431027
431026
431024
431002
431025
431021
431022
469022
469022
469022
469022
469022
469022
469022
469022
469022
469022
469022
469002
469002
469002
469002
469002
469002
469002
469002
469002
469002
469002
469002
469002
469002
469002
469002
469002
469026
469026
469026
469026
469026
469026
469026
469026
469026
469026
469026
469026
469021
469021
469021
469021
469021
469021
469021
469021
469021
469021
469021
469021
469021
469021
469030
469030
469030
469030
469030
469030
469030
469030
469030
469030
469030
469030
469030
469030
469030
469030
469024
469024
469024
469024
469024
469024
469024
469024
469024
469024
469024
469024
469024
469007
469007
469007
469007
469007
469007
469007
469007
469007
469007
469007
469007
469007
469025
469025
469025
469025
469025
469025
469025
469025
469025
469025
469025
469025
469025
469025
469025
469005
469005
469005
469005
469005
469005
469005
469005
469005
469005
469005
469005
469005
469005
469005
469005
469005
469005
469005
469005
469005
469001
469001
469001
469001
469001
469001
469001
469001
469001
469029
469029
469029
469029
469029
469029
469029
469029
469029
469029
469029
469029
469029
469029
469023
469023
469023
469023
469023
469023
469023
469023
469023
469023
469023
469023
469023
469023
469023
469023
469023
469023
460321
460322
460323
469028
469028
469028
469028
469028
469028
469028
469028
469028
469028
469028
469028
469028
469028
469028
460205
460204
460202
460203
469006
469006
469006
469006
469006
469006
469006
469006
469006
469006
469006
469006
469006
469006
469006
469006
469006
469006
469027
469027
469027
469027
469027
469027
469027
469027
469027
469027
469027
469027
469027
469027
469027
469027
469027
460106
460108
460107
460105
321322
321323
321324
321302
321311
320722
320703
320723
320724
320707
320706
321023
321012
321002
321003
321084
321081
320111
320114
320117
320115
320102
320113
320104
320118
320116
320105
320106
320682
320684
320621
320681
320623
320612
320602
320611
320282
320206
320281
320213
320205
320214
320211
321182
321181
321111
321183
321112
321102
320826
320813
320831
320803
320804
320830
320812
321281
321282
321202
321283
321203
321204
320321
320382
320381
320311
320312
320324
320302
320305
320303
320322
320582
320505
320581
320585
320583
320508
320507
320509
320506
320413
320412
320404
320402
320411
320481
320921
320922
320924
320923
320925
320902
320903
320904
320981
630224
630225
630203
630202
630222
630223
632525
632522
632524
632523
632521
632802
632801
632823
632825
632822
632821
632726
632724
632723
632701
632722
632725
632322
632323
632321
632324
632624
632625
632623
632621
632622
632626
632223
632221
632222
632224
630121
630123
630102
630104
630103
630122
630105
450702
450721
450722
450703
450305
450312
450303
450325
450329
450321
450323
450332
450331
450311
450326
450330
450328
450302
450304
450327
450324
451028
451031
451030
451027
451022
451023
451002
451024
451021
451081
451029
451026
450521
450502
450503
450512
450821
450881
450804
450803
450802
451226
451202
451225
451222
451203
451223
451221
451229
451227
451228
451224
450224
450225
450226
450202
450205
450223
450222
450203
450206
450204
450125
450124
450127
450107
450105
450123
450110
450102
450126
450109
450108
450103
451302
451322
451321
451324
451323
451381
451421
451422
451481
451402
451424
451425
451423
451123
451121
451102
451122
451103
450621
450603
450602
450681
450423
450422
450481
450403
450406
450405
450421
450924
450903
450902
450923
450922
450921
450981
640424
640423
640402
640425
640422
640522
640502
640521
640122
640105
640104
640106
640121
640181
640221
640202
640205
640324
640323
640302
640303
640381
360281
360202
360222
360203
360430
360423
360404
360429
360481
360428
360424
360483
360402
360403
360426
360425
360482
361003
361027
361028
361023
361021
361025
361030
361024
361026
361002
361022
361181
361124
361128
361130
361102
361121
361103
361126
361129
361127
361125
361123
360521
360502
360730
360732
360735
360731
360781
360724
360733
360725
360726
360723
360722
360734
360729
360728
360727
360702
360703
360704
360681
360622
360602
360123
360124
360104
360121
360111
360105
360112
360103
360102
360822
360827
360830
360825
360802
360803
360821
360828
360823
360826
360881
360824
360829
360313
360302
360322
360323
360321
360923
360981
360924
360925
360983
360921
360922
360926
360902
360982
330206
330225
330211
330205
330213
330226
330281
330212
330203
330282
331004
331082
331002
331022
331023
331081
331083
331003
331024
330482
330483
330481
330411
330402
330421
330424
330902
330903
330921
330922
330326
330305
330381
330327
330302
330324
330329
330328
330382
330303
330304
330803
330802
330822
330824
330825
330881
330726
330784
330723
330781
330783
330702
330727
330703
330782
331102
331124
331181
331123
331125
331122
331127
331121
331126
330111
330122
330106
330102
330182
330127
330110
330109
330108
330104
330103
330112
330105
330604
330683
330624
330602
330603
330681
330521
330522
330502
330523
330503
130523
130524
130530
130525
130522
130581
130528
130532
130503
130527
130582
130535
130529
130533
130531
130534
130526
130502
130521
130432
130433
130481
130423
130434
130407
130406
130426
130425
130430
130435
130431
130427
130403
130404
130408
130402
130424
130224
130225
130227
130281
130283
130223
130209
130229
130202
130207
130203
130208
130204
130205
130828
130827
130825
130804
130826
130881
130822
130803
130824
130821
130802
130727
130724
130728
130726
130709
130730
130722
130723
130725
130706
130731
130732
130708
130702
130703
130705
131028
131081
131025
131023
131024
131022
131026
131003
131002
131082
130903
130982
130930
130902
130922
130984
130924
130925
130927
130923
130929
130921
130926
130928
130983
130981
131125
131121
131122
131123
131102
131182
131124
131103
131127
131126
131128
130324
130321
130303
130302
130304
130306
130322
130636
130624
130629
130630
130632
130631
130628
130638
130609
130626
130633
130606
130635
130637
130602
130627
130623
130681
130684
130634
130607
130608
130683
130682
130183
130132
130133
130126
130129
130130
130127
130110
130109
130131
130125
130123
130111
130108
130121
130107
130181
130102
130104
130105
130184
130128
810006
810015
810012
810005
810002
810011
810008
810003
810001
810014
810007
810016
810004
810009
810013
810018
810010
810017
140321
140322
140311
140303
140302
140109
140108
140123
140110
140122
140181
140121
140107
140105
140106
141031
141033
141002
141024
141030
141026
141034
141025
141028
141021
141027
141023
141082
141022
141081
141029
141032
140223
140221
140212
140224
140222
140225
140202
140226
140211
140203
140227
140581
140525
140502
140524
140521
140522
140928
140923
140925
140902
140930
140932
140981
140922
140929
140926
140921
140927
140931
140924
140426
140411
140402
140481
140421
140430
140427
140428
140424
140429
140431
140425
140423
140828
140821
140802
140823
140829
140881
140822
140830
140826
140827
140825
140824
140882
140603
140623
140621
140602
140624
140622
140728
140724
140723
140726
140781
140722
140729
140725
140721
140702
140727
141182
141102
141129
141125
141124
141128
141127
141130
141181
141126
141122
141123
141121
820005
820001
820008
820002
820007
820004
820006
820003
620122
620111
620104
620121
620103
620123
620102
620105
620302
620321
620981
620982
620923
620902
620921
620924
620922
620802
620822
620825
620823
620824
620826
620821
620421
620402
620403
620423
620422
620724
620721
620723
620702
620725
620722
623023
623027
623024
623025
623026
623001
623021
623022
622923
622921
622926
622924
622922
622927
622901
622925
621221
621202
621226
621227
621223
621228
621224
621222
621225
620525
620524
620522
620521
620503
620502
620523
620623
620622
620602
620621
621124
621122
621125
621123
621102
621126
621121
621024
621021
621023
621025
621027
621026
621022
621002
510812
510811
510823
510824
510821
510822
510802
511302
511304
511321
511323
511322
511325
511324
511381
511303
511722
511724
511703
511702
511725
511781
511723
511424
511421
511423
511425
511402
511403
510603
510623
510682
510681
510626
510683
510903
510923
510921
510922
510904
511922
511921
511923
511902
511903
511623
511622
511602
511621
511603
511681
512002
512022
512021
510182
510181
510114
510113
510185
510131
510184
510129
510108
510121
510183
510132
510112
510104
510105
510115
510106
510117
510107
510116
510722
510725
510781
510704
510705
510726
510723
510703
510727
511025
511024
511011
511083
511002
511524
511526
511502
511523
511503
511525
511527
511528
511529
511521
510321
510303
510311
510322
510304
510302
511827
511802
511824
511823
511826
511825
511822
511803
510421
510403
510402
510411
510422
511112
511111
511124
511113
511132
511123
511126
511129
511133
511102
511181
513328
513330
513332
513327
513326
513329
513331
513325
513334
513324
513335
513301
513322
513336
513337
513338
513323
513333
510504
510524
510521
510503
510525
510502
510522
513231
513225
513233
513232
513228
513222
513201
513221
513226
513223
513224
513230
513227
513422
513432
513401
513425
513429
513435
513436
513431
513430
513423
513433
513434
513426
513428
513437
513427
513424
530624
530630
530626
530625
530629
530622
530602
530627
530621
530628
530623
530326
530303
530302
530321
530324
530322
530323
530325
530381
532504
532527
532524
532502
532525
532501
532523
532529
532528
532503
532532
532531
532530
530721
530724
530723
530702
530722
532801
532823
532822
530502
530581
530524
530521
530523
532626
532627
532601
532622
532623
532625
532624
532628
532931
532932
532901
532930
532924
532929
532923
532922
532927
532928
532925
532926
533324
533323
533325
533301
533422
533401
533423
530422
530425
530426
530424
530402
530427
530428
530403
530423
530823
530824
530825
530822
530821
530828
530829
530802
530826
530827
530113
530129
530112
530125
530102
530126
530114
530115
530128
530124
530181
530111
530127
530103
532328
532325
532323
532326
532324
532331
532301
532322
532329
532327
533123
533122
533103
533124
533102
530921
530922
530924
530902
530923
530926
530925
530927
110116
110119
110118
110106
110109
110113
110105
110107
110111
110101
110115
110117
110112
110114
110108
110102
120103
120102
120105
120101
120115
120112
120110
120118
120117
120119
120116
120113
120114
120106
120111
120104
220182
220183
220112
220122
220104
220106
220105
220113
220102
220103
220403
220402
220422
220421
220283
220204
220211
220282
220202
220281
220203
220221
220284
220882
220881
220822
220802
220821
220781
220702
220721
220723
220722
220303
220382
220381
220323
220302
220322
222403
222402
222404
222406
222424
222401
222405
222426
220622
220623
220605
220621
220602
220681
220502
220503
220521
220524
220581
220523
220582
460300
441900
442000
460400
620200
